Cross Main Point: 
MC-5	4542.066	3347.345	16.699
MC-4	4544.477	3351.726	16.704
MC-3	4546.887	3356.106	16.718
MC-2	4549.298	3360.487	16.763
MC-1	4551.709	3364.867	16.821
M	4554.119	3369.248	16.820
MC-6	4556.530	3373.628	15.696
MC-7	4558.941	3378.008	14.264
MC-8	4561.352	3382.389	12.428
MC-9	4563.762	3386.769	12.209
MC-10	4566.173	3391.150	11.473
NC-5	4502.583	3370.736	15.011
NC-4	4505.274	3374.951	15.032
NC-3	4507.964	3379.165	15.914
NC-2	4510.655	3383.380	15.036
NC-1	4513.345	3387.594	17.005
N	4516.035	3391.809	17.826
NC-6	4518.726	3396.023	17.810
NC-7	4521.416	3400.237	15.739
NC-8	4524.107	3404.452	15.022
NC-9	4526.797	3408.666	14.613
NC-10	4529.488	3412.881	14.470
Area1: 
262.548
Area2: 
293.683
